5447
9561
2614
7961
8990
9403
9934
7829
2066
2734
8217
6345
3241
458
7901
1732
4628
1544
3485
6767
1340
2665
9903
5707
8812
7445
3311
5041
1103
823
6148
523
3625
2861
1392
9105
3378
6169
3563
2791
3565
7031
9224
6982
1785
5661
6306
4772
8910
4476
9660
8635
6817
7966
4314
1724
4715
2106
2732
1473
4598
156
4894
2298
6164
783
5743
4050
635
7741
2639
6212
3042
1056
3278
1930
7482
9553
4121
9316
7592
8526
2631
1066
9495
2801
1728
9509
4870
1545
126
9622
1268
220
7044
478
5614
8449
3711
9251
9037
3349
96
6855
4697
6230
4632
9825
9863
2633
9179
7377
9092
7306
9364
1392
2764
9871
8425
752
4808
1597
4516
3034
1755
3306
431
2959
4656
1184
6699
9768
1699
1323
760
9755
9591
9676
1998
9090
2649
8898
8047
7344
9642
6873
2686
5616
3529
6456
2594
566
5126
6999
2118
8556
8823
4971
2027
4679
5431
2139
1946
6373
6905
6142
3972
2154
3514
2906
7967
1381
8026
5640
3878
8906
5241
7373
283
2682
7477
6562
6436
4551
6179
9246
4591
2487
9758
4376
7772
8848
9028
1890
5280
3213
5026
4363
4515
7248
6454
6899
6145
7546
7813
1749
473
3473
8150
628
4911
5176
9205
9905
2502
1321
2449
2521
1110
8415
9613
927
1755
9576
7165
7596
7173
5866
4550
4763
3845
3560
5991
4001
4578
8778
8008
8301
9542
7639
5400
7002
8267
3698
6315
7443
6291
1645
5636
5781
6649
1922
4915
8698
3593
7191
3515
8133
7140
8139
6259
5124
3234
4801
6394
6636
3075
2301
4796
4058
799
676
7697
1569
7307
3697
6077
3788
7589
9163
2511
9678
8959
6423
8132
8615
6379
1569
5510
4009
1089
9509
499
5582
9339
9969
721
1616
344
2526
2680
6335
8169
6577
4074
7015
4400
4118
2825
8817
4043
1401
637
1517
7849
8828
6839
4362
8826
3570
2173
5771
2711
6493
4566
6177
3465
8946
5843
1533
3075
3665
6270
9815
8426
5364
2946
7958
7524
8641
1603
4760
7127
2866
8971
9406
5454
9234
4860
769
4403
4259
727
3731
2811
8183
5193
2506
1086
7277
4914
3277
4856
725
9784
8965
9764
143
2502
7019
413
5435
9498
4433
1130
1960
2240
5586
9333
7430
1755
6950
8448
8707
6613
9197
7782
2132
5637
9772
832
640
1620
5098
9582
1198
2141
5995
8634
2464
2619
5582
1305
7010
2504
3645
451
6182
7623
3740
9389
5430
5585
4144
8870
3080
740
9582
674
9151
1722
520
9735
9491
7315
1305
3433
1113
1938
424
5335
6597
8250
552
5265
9460
7592
324
1509
1405
2445
2582
3035
1490
5415
8659
1542
4802
2817
5992
6510
7621
7726
6748
5360
6982
5541
8620
998
5356
6886
9995
5264
8968
8412
3047
7751
2680
3560
5041
2248
1531
246
3711
6277
3422
7979
1907
3055
4122
1724
2425
1698
6714
504
5767
7579
6376
2437
7379
3976
6210
6211
456
1091
7047
2968
8431
3356
7491
8886
7319
6240
5873
6180
5272
6817
9897
1798
7279
4258
5324
5577
1903
991
4659
8626
7375
2518
2240
1195
7598
8857
4391
3929
1618
4828
7917
4136
3916
2140
8209
4915
3202
1975
2660
9777
2694
1240
1003
8114
5317
9175
6635
8874
5581
663
773
4314
6797
3593
6314
1804
5186
1821
8709
3339
6632
5003
416
3758
8992
1991
6335
8454
6352
1492
5189
7118
4782
2508
7182
5751
2759
4588
3039
1639
2045
8112
433
9495
614
3012
9000
6622
1015
719
9714
359
9478
13
3396
3530
8858
533
1861
5219
4232
1718
6662
4821
5400
8274
5567
4868
8850
3602
3187
3710
5552
8924
8997
1178
1370
6903
259
122
6735
3780
1653
3633
9593
9281
5303
8451
7387
5864
7455
3894
1563
3031
7536
7025
293
5609
8997
5901
2173
5473
6667
6006
1599
4976
201
1858
9334
266
287
8213
3018
830
5689
4986
5369
1552
617
1066
833
4252
3071
1103
2021
8107
6961
4552
2797
8498
3415
2838
4537
8523
844
5298
6194
2161
4235
3383
9054
7248
1584
2044
4075
9822
4467
4339
9417
1410
3960
8822
7021
3592
9530
8257
5456
11
4416
2217
2901
5580
1766
9916
6728
3113
1551
9186
8832
4391
9613
721
4978
6575
7555
3882
7363
7520
7517
786
8577
8925
2997
3950
3406
6330
6862
4234
6059
3920
2173
5351
6862
5672
8996
3167
6065
4375
4275
1550
187
4913
8748
9035
5889
737
8824
2685
808
7553
4307
2288
7561
3347
7851
4612
6514
7728
8795
6445
4625
8394
8564
300
7117
4300
6775
4639
3395
8124
9964
233
2987
5728
9992
9679
4854
8060
1910
366
6383
1542
7923
5096
7504
877
9517
594
3996
374
5519
6084
9496
8021
2006
598
9510
1902
1686
8174
7033
7091
7055
6771
1618
435
9381
2131
2388
7905
9791
115
9852
809
9387
988
5696
3180
5284
1326
3766
7096
3831
9347
506
428
8663
4736
1487
7935
5877
3200
6533
8338
3945
3299
5357
637
3392
1766
6382
2266
1968
7272
7124
5941
5968
3971
8393
4849
6846
9241
1461
4640
8170
3302
3099
443
90
1123
4031
1715
7322
9531
385
3832
719
697
2094
1778
8023
2562
3878
8050
6216
7307
7605
7388
7391
9164
353
3715
6950
4476
5938
1790
4101
3363
2715
4966
2332
7164
7300
355
7540
8785
9188
8808
6743
8340
5127
1622
1323
6116
9666
3784
9582
6765
69
5520
3859
6618
8577
5244
9375
4396
6679
2631
2851
3542
1141
9418
1941
8721
476
6963
1107
6748
7612
8694
6203
9540
4749
1822
1110
5080
6584
2532
3
7541
7310
1673
7093
2141
4381
3789
8377
4731
9928
8101
2108
3829
9849
4314
2773
2021
7950
3679
975
9924
6171
4907
7672
7100
5035
4986
4676
6856
2258
8144
658
8961
4677
2926
9949
8092
5962
498
4085
2461
3500
5207
1090
9509
5733
3205
1356
9477
8888
2350
7417
6611
8557
7465
9809
4669
5522
5160
1034
5274
1500
540
2253
136
9310
2555
1996
3353
1257
8805
6581
1829
5016
2814
6225
985
3642
4981
824
919
2050
181
742
2325
9815
1650
6631
2912
3244
1070
7663
6269
6445
2674
5783
3231
514
4033
8249
1286
4043
945
1226
6447
7688
7703
7387
5039
1117
6066
9431
9678
7837
4946
2206
7011
8808
220
7600
6675
891
6142
5266
7480
1776
5110
6816
2874
6748
547
4433
1105
1809
1262
2486
8321
4985
7754
4465
999
8038
3676
2966
7144
9798
7480
4505
5562
7873
8783
6669
8336
938
8867
2850
3615
5359
9484
1115
2993
1066
4856
981
5736
5772
183
2531
8904
7392
4531
7516
1986
6372
1523
1669
4514
1801
9202
6203
8858
7684
7351
3999
9585
3908
973
3939
2108
3052
8201
5202
8151
3260
1927
5732
1664
4511
1206
7822
160
4094
8350
8851
2148
8989
347
582
6263
8882
7521
2625
2328
444
3846
2857
43
2962
2267
9828
3794
6713
5095
2873
1292
5895
4067
5551
3794
8342
5974
8433
2729
3487
8000
8013
7412
9757
1939
6043
9071
4135
6532
685
458
7750
5132
1499
7387
3324
489
2227
4831
6754
1223
4840
839
3676
1381
2526
3838
7385
3038
7849
5371
8838
8164
7167
7722
1684
1935
5414
4330
5969
5735
3159
9416
8050
906
3718
7898
5726
9483
749
4949
1060
8571
8651
8747
6448
5349
8586
1908
3241
8565
9159
5397
3783
5815
7250
7505
7790
9541
4194
570
3534
4032
2568
7088
4481
6566
7977
4338
8758
530
3207
4291
206
6913
3659
1751
9277
8654
2289
758
9867
2165
7998
4636
7693
8449
7509
3144
8182
4942
8206
9107
8318
1882
1721
9709
5559
2296
2345
8512
5401
9497
1682
6963
4776
9219
6951
4904
3515
7545
8926
150
669
4695
3254
7672
1176
4917
3163
6892
9471
8854
7761
5113
7222
9772
9654
5830
4226
4417
3438
8057
2716
5107
513
4301
2125
3165
2205
7933
3070
8352
8682
5976
6579
7966
525
9746
4196
6762
637
4812
9430
3973
532
880
368
6007
2078
7640
4730
9501
7712
8779
1166
1038
9198
1936
1967
973
506
3011
916
8698
2739
8955
2058
3754
3457
7383
1046
1362
7983
9314
8954
7502
1967
1331
8902
8191
741
9853
6392
1837
1726
561
2838
5560
4682
584
8569
7058
2284
1972
1749
3585
2440
2372
7157
1038
9720
3901
2003
6042
5536
9843
9937
2217
5570
6877
122
3306
5386
264
7761
8600
5340
4656
2223
5662
1703
3270
6012
6147
3387
7342
5117
6339
8569
340
2222
5801
8799
6860
9415
1301
5748
7288
6758
5011
1941
726
8820
179
2998
3942
6889
7519
2055
798
6227
3200
3837
2047
5306
9627
6120
2853
3355
401
4659
6178
1182
2655
7066
2487
9697
7873
5808
6110
4983
3536
869
7939
959
4403
5286
5189
9476
4589
4655
2929
5536
2079
6921
9545
4451
5377
47
1278
3837
816
2374
2429
4003
6923
6048
8625
2709
8176
5490
5974
1674
415
1430
4758
5104
172
5356
235
5256
1350
6675
2054
277
3360
6572
5555
6410
8936
3719
6427
9201
9934
570
8519
8923
3288
5678
3470
4959
5855
2655
1358
1637
6575
6559
9386
8962
4929
2417
782
4039
9350
1768
4888
8096
4726
372
4200
1214
8563
1648
5879
6084
6589
7168
1886
1643
6053
7435
1340
3296
195
6461
1690
1637
6895
6198
5896
5549
6409
5033
3497
6075
7992
5058
6505
7094
92
7309
409
5547
118
5795
131
1545
5885
9723
2523
1270
3256
1664
1354
6809
3545
6147
2365
8754
6379
1891
7669
9758
7837
9770
2966
9689
8702
4982
5125
4780
3399
9980
5841
313
8770
1544
9056
2372
9121
3945
5242
2628
2435
4632
7043
5979
2805
820
8250
8741
1754
3028
1009
6922
880
6162
6117
1953
8658
8586
9545
7104
4079
6434
14
927
8407
7227
7473
9107
8985
5180
8419
2042
5784
77
377
893
317
4789
9818
4548
5795
3611
1470
3694
181
5612
1014
4793
2577
3861
2997
8913
1966
5958
1174
6740
8492
7568
5335
6232
6783
1577
7040
4011
6854
4126
7561
844
5954
7698
5735
5324
9606
1828
4856
157
8742
2524
3317
7907
5047
7696
8298
3253
5788
9279
6695
1054
6643
3084
1769
9752
1774
3388
1351
9240
1989
4745
2653
8089
6621
7209
1864
3298
3447
4151
7378
8599
2087
2052
9485
482
8704
243
956
4491
5653
648
5898
7290
8787
960
5686
6147
3027
9259
668
8348
629
9054
8448
9880
3254
6856
6241
611
8157
2927
2774
3974
6745
4913
3889
5817
1809
114
9153
8720
6612
671
8125
3590
7876
3898
6892
1882
6788
3025
9390
6094
873
1590
410
6201
3268
9746
5663
2742
847
3635
3813
1239
6002
4876
245
6589
525
259
9695
648
603
3122
988
5352
9787
6775
3441
7652
1168
2978
7704
4988
3509
2980
1884
8058
6810
9825
9465
8262
7352
3583
5067
5837
7761
8216
173
3368
4281
1462
4499
191
7627
2116
700
2453
3621
5033
5717
730
6936
5042
5443
6180
7597
5252
9141
4712
1431
1420
1051
2890
6960
3577
3679
9793
980
5165
3354
431
1378
1099
8192
9148
6009
3319
8485
9584
5620
7135
2004
1460
7140
2469
9956
3575
2213
5697
1617
6088
8123
6312
8841
7736
3090
7864
7828
3915
6435
4403
3305
478
4742
532
7401
5251
9158
3007
4234
5879
7661
7388
2929
2753
730
2077
3494
6278
823
6419
7850
357
7429
4010
6472
9517
3428
1239
4535
6503
2084
1969
2733
1866
8546
9142
1804
2681
6455
2282
9619
5394
1943
6299
3100
2200
112
6927
8553
3244
8216
5454
5895
3151
553
3425
2876
893
6670
7472
5611
6912
6611
3844
1806
328
2845
2132
4790
5164
274
9375
3600
1107
338
2899
6554
8020
5344
2626
7449
9158
1847
686
2343
7932
4340
4028
950
5941
8214
2541
3781
4701
9651
1635
5614
270
5066
6211
5237
7463
9249
1123
676
7879
6850
3568
6877
526
1214
5951
172
3517
2035
8543
8226
7308
3849
3460
3495
4385
332
3673
695
236
4822
4497
9026
9445
6063
9257
3644
1262
7512
3394
8231
8745
118
4587
7092
5767
8192
6631
2561
7299
5983
267
2812
6087
8048
2468
1382
972
6404
1729
7047
1398
2305
7946
4372
4270
8583
7055
7367
6732
9273
7206
5819
3899
1834
1704
1660
8740
7537
9548
4461
4096
5209
2658
4278
2926
87
3514
5355
79
3448
1573
9816
6417
8192
5798
9664
1456
33
650
5415
8049
5215
9762
6146
2367
4434
7828
9239
4965
9694
7850
8130
9622
2655
4220
8696
7628
6577
7115
1433
37
9768
8644
893
3890
5692
8362
1208
4994
5545
3885
7147
9223
1117
5840
1421
9796
9799
3917
9874
9610
3084
7745
8319
758
9685
696
3313
6177
1550
5277
9687
283
4485
7697
4769
2233
9375
4418
1858
1540
9579
1550
2378
2219
3004
4550
2886
5253
3764
2478
232
3522
6527
4557
8694
8728
971
4751
3283
2116
3719
2291
4484
5157
7130
1015
4543
5814
353
5273
3890
9006
822
2517
4225
222
6609
9558
1627
9432
5411
9656
8523
1611
9835
7431
6571
2078
6555
6672
8729
2588
1113
4676
8586
7168
8835
9589
6171
7922
7263
5688
8102
4418
159
759
1027
1812
6573
335
3299
5966
8828
5939
4075
5951
2481
8150
2571
4400
3071
6155
4267
6024
4293
7317
2654
8722
7277
742
5342
5274
1026
7788
8200
8081
3868
8327
9945
5586
5080
6459
8299
3460
4001
8523
2361
9928
3312
1403
7691
5598
6922
298
5417
5348
9328
7520
4811
2128
1925
4278
1947
7831
9760
7416
3559
301
8174
6294
836
2842
8763
4519
7354
9168
8187
5887
2711
492
464
3102
4074
2577
8449
9575
5468
2218
5673
3038
8469
2800
844
3803
4229
4014
5245
5348
6108
1849
8991
7043
9156
7247
1530
5620
4457
1732
9144
6723
8579
1873
2142
7335
3771
9295
6491
651
4144
4758
4318
4274
1052
7259
4723
3768
4788
1457
3454
6487
5670
5776
8753
4683
5832
9995
8537
5769
7705
3599
6969
8555
5930
4260
4217
5010
6444
3963
3216
6230
8070
7573
5087
1524
1016
1529
6380
5113
2889
4953
9323
2478
4383
404
2208
8165
4574
9378
1237
6642
2765
3279
5606
1195
9155
1618
2494
430
2634
7071
1794
9050
778
4875
5674
7400
351
7681
3070
2622
6918
3452
4481
1802
399
9650
4276
5103
9400
5131
4023
6943
8899
3293
285
11
9861
4304
4227
2613
9472
8073
526
2855
3485
266
5930
2099
5193
7239
3893
3651
8974
5232
4235
4939
3681
7868
5379
9064
2425
187
3116
9223
3189
2352
9731
7985
1907
6726
7649
4086
4517
2618
6607
6761
7914
6855
1500
3241
2925
5451
5542
6888
5890
7793
5082
650
8573
5241
2747
5387
904
4514
6786
3309
8651
4629
3101
8686
314
9279
6086
8910
7107
2315
1484
156
6839
493
3245
7290
8083
6782
1571
2785
7329
8622
3439
7925
6648
3855
4501
1610
6824
6104
3397
3834
1923
6024
4275
497
9457
3453
5679
9910
8681
3246
6618
9636
9075
6561
6730
9158
2422
4969
4666
1392
7129
5421
5298
9740
4780
6433
8774
308
7570
9818
6994
3667
8149
817
8481
8362
7356
5538
8161
5020
2266
6627
9495
8470
6582
1039
7481
2825
3088
306
7470
9104
8443
795
2148
118
7790
4509
1783
3353
2702
6101
5431
5095
2678
9690
4894
1223
6395
3015
5415
8451
3887
3545
641
9594
3593
1097
3384
3883
8817
4254
1248
5411
7332
3350
2587
1893
7217
9456
944
7628
5762
4352
9934
6513
6542
6435
1069
7091
8300
1519
3003
8760
7804
1440
6341
519
4164
4066
2455
5044
4933
2202
7902
4257
212
554
3016
8019
4698
8406
2592
8022
426
4210
4406
1857
2804
2695
4014
1432
8721
5765
2634
2962
9109
6277
7345
9620
8976
7806
7874
4253
2979
2960
3033
2773
8626
4368
2926
9296
3653
6034
8369
1575
7761
8662
2127
4068
5540
139
330
3189
5880
2541
9581
13
7498
5878
1083
8561
4159
3116
7700
3203
2963
3974
8949
3920
4603
1384
5785
3084
7059
5964
1311
4807
3825
2385
6896
5824
5848
5072
6983
6884
8279
5375
5706
9938
2556
7447
73
791
6260
185
9170
4437
5655
3993
3235
266
7560
8864
8913
2243
6649
393
6669
9037
6252
4459
220
974
1590
6943
16
9628
2384
254
2160
6730
345
7363
3098
3362
2343
373
7690
530
7073
830
5897
4371
9946
8931
6280
6512
2426
5137
3400
2296
3008
5395
7470
1876
7791
3019
8244
2143
6438
244
8149
937
7634
2630
8221
909
5300
120
6408
313
3859
481
5395
4209
3880
4518
1020
4398
9823
1020
2666
6173
3608
6563
8360
9501
4471
8043
1571
2629
7116
7446
4754
8470
3719
3092
578
2742
2788
3517
3
6303
4014
478
9774
9544
5802
8924
7846
7630
1444
3344
4684
4444
4296
8233
5742
3353
8949
8314
8550
1472
4178
5776
8317
4532
8673
4925
7
8707
4994
947
9142
9324
7993
1362
8902
6137
7169
2263
4023
1323
3169
6838
1755
1746
7176
5491
7466
8413
8090
1873
8327
2300
7260
1319
9950
6263
9208
6680
7729
4069
1642
9210
4741
3168
1929
981
2981
3376
5157
270
7753
5135
5526
4368
3698
1398
4186
5443
3338
5045
6208
5893
403
8582
1011
957
1567
899
1546
3575
6979
9240
9421
5597
4154
3247
8481
945
1557
3345
4314
792
1036
9010
8991
5759
6541
9572
7335
9270
8040
7892
8734
5825
449
8103
6013
2238
9220
2769
9019
9710
7957
2863
3676
5054
9118
3344
2126
8638
5885
1858
6548
2101
156
4637
2957
590
8281
3462
1729
748
8962
7805
3445
1284
659
674
7379
8583
7796
341
7741
2172
5445
2209
3826
2991
6328
5763
6615
673
9036
1083
3968
1552
7611
7413
486
9653
9584
176
801
1169
64
8149
8717
9390
9402
8125
5988
9897
8074
6830
2979
1770
4699
4153
9393
5119
958
9662
7453
8402
413
1007
8691
1121
60
2916
163
540
8435
5403
8413
6678
1808
709
1988
8727
7422
7426
8955
6191
8106
4365
8587
3081
3877
4358
3183
845
2614
5256
5644
1970
4574
3031
4641
4004
4048
6783
4691
3184
2076
8278
4329
262
9796
9744
1982
7132
1734
9225
8232
6892
5613
5886
2193
8349
2202
8009
8106
7788
2386
1971
897
1048
8377
7312
6283
2531
8609
2311
1680
2761
9556
4219
469
1289
8233
687
5656
1654
6577
9228
4332
1090
573
2341
7308
2503
5258
1397
6815
1704
4786
6951
4716
8484
5691
8315
4157
9829
8841
1652
5163
5090
272
2665
8135
2917
5852
8222
7566
2100
9306
5790
7194
4595
2461
9059
5565
3851
6075
3672
126
4989
4549
5228
7263
989
9202
1326
8657
8114
3073
7201
6113
8544
8850
8766
2942
9139
2380
7538
7351
5607
5982
823
7340
2865
447
2138
3946
7854
14
7963
3538
8272
3415
183
1276
7475
9084
6215
3340
3858
6399
2659
2336
6742
3861
8445
5521
742
9905
8290
1504
3158
3914
9765
727
4791
4315
2509
5654
1840
3272
2072
8643
3816
2205
3938
267
3633
8904
6201
2817
4422
7014
6938
6861
5424
7822
2015
2702
8324
8503
3941
2317
7452
1395
9142
8200
1208
3806
2269
9714
6938
7422
2250
2644
1104
7446
8119
8589
1524
5300
9455
5874
2194
4228
3437
2965
5287
6277
2265
7922
9070
9613
7855
131
4960
9584
5191
1863
3408
7880
3237
4192
3320
7771
1270
3104
8886
226
5179
6967
3700
598
2432
8529
102
3632
1235
4076
114
5807
9324
721
3180
3110
7561
4836
1034
4936
6819
632
6230
6977
7258
6671
5565
3424
9864
6944
3533
6083
1881
3680
5958
462
1972
9915
5094
226
4789
983
4063
8485
130
189
5324
6485
4474
9468
3864
2094
5734
596
5366
9846
4003
3014
228
1022
6629
3252
2673
9475
2101
1008
9004
4139
4739
3423
5516
2152
1284
103
4712
5431
4625
6172
2153
4962
4422
2104
8954
487
4067
5053
7773
3661
3653
1573
8742
2749
3162
1577
1017
4644
8323
4498
3391
8055
7477
3903
3590
905
4678
8442
4073
1235
5539
9526
7342
2381
4359
8119
2822
2288
1145
3215
965
4501
1409
976
6323
323
3105
701
9167
6878
9069
2395
3596
9568
2961
4044
7740
8153
5677
5725
4864
159
515
2868
8069
1448
5395
3673
2246
5924
2768
7817
7691
6640
6935
6663
6203
800
9732
434
3993
4125
1502
1778
6382
2364
6017
2942
6207
599
1137
125
6619
2864
9278
2592
6711
9952
979
7663
7241
504
1982
1096
9391
6489
2898
4610
3957
5642
9045
4235
3949
4731
5956
1967
7575
478
3414
1823
563
5788
2415
1109
6167
6041
3517
1988
9842
6578
8874
2448
7968
2291
5906
3758
506
9243
745
6909
5768
9264
6942
6178
5226
1266
3548
5829
1092
8486
2225
8899
4017
9133
2568
3250
8125
5561
7797
5497
4575
6109
6529
9679
220
5187
3486
828
8236
372
4777
3547
7228
5255
4529
8271
1997
1337
6467
7544
4730
6142
8185
5463
1868
1736
8745
9110
7194
9666
1595
9200
20
6597
2702
6772
6025
7977
8323
3258
2902
690
3585
9547
1070
4545
1500
5568
4378
5297
9853
8147
6668
7661
4304
3327
5955
8659
2146
4162
894
2614
7679
4895
3929
3826
5843
7446
6008
4706
3765
8060
5713
1604
967
4463
838
4861
5816
9522
4413
1549
6367
1279
5717
7037
5761
9115
7641
8937
6109
4410
5981
4583
3423
2504
2538
8761
5986
4885
6186
7229
1794
1716
2087
4636
4183
5463
127
5212
7614
8373
4641
912
2364
7589
3152
3415
6868
500
2793
3745
6985
3965
6362
2250
1038
786
543
4713
2167
1705
8892
305
1604
5296
2147
4322
8655
6781
1274
9536
3725
7082
4236
4558
787
5440
5320
2336
7854
8507
7446
9648
2582
2020
2351
4310
3640
8172
322
5561
3758
5049
503
4127
3385
8614
6760
4149
2742
7313
48
1906
7430
5298
791
2271
6226
8908
7838
4938
464
1335
8665
783
9989
6550
3515
8159
8943
3994
2547
8813
9584
1959
1589
976
2767
6817
8025
286
4373
2973
672
8790
7836
7114
5722
2466
3749
4246
9355
4230
4074
1480
8862
8344
3199
3420
3170
3558
5265
1981
6439
6015
9751
2570
2583
9307
3232
8316
1714
1828
4245
587
547
7366
6715
9558
7473
396
6897
7965
682
3351
9845
1696
9117
7455
8975
957
8682
7562
2155
3638
2236
2785
3321
654
9635
9393
5519
9570
3432
9018
1076
7302
1821
2628
5551
3263
7806
1660
9332
534
5984
3323
8365
8891
86
5572
8326
3214
31
1015
2183
2143
9329
9635
458
3002
9986
8336
2135
619
2262
4805
4743
2853
3612
2191
232
6561
5971
8432
5075
988
934
3986
6053
2315
6043
2764
7415
3230
991
4034
4385
3458
8040
1189
7071
7736
9773
8774
7083
2414
445
1268
4566
7510
9649
1177
551
4549
2242
763
759
9886
4691
8387
1128
3447
4347
2521
1925
3795
2688
9788
5336
7132
1015
5017
9737
4976
9731
1626
660
8350
9174
5645
7376
8433
45
9210
9530
2858
2396
3401
2029
9666
9606
8282
4721
2822
1875
219
110
9454
2415
3611
9391
575
5128
2949
1450
5727
2168
2606
7962
821
8442
4813
4545
4349
1049
673
1839
2873
9738
5938
445
3855
1764
9923
8480
2034
7439
3197
5190
7654
5883
3395
6650
4959
7300
3303
9815
5059
2056
4337
6562
4076
7383
3045
3052
7324
7275
3487
2989
9593
2459
5398
8971
1540
1862
9632
3150
7421
7946
3027
9723
9405
2561
9344
1461
9974
8431
8605
5508
2184
7900
6798
8217
2432
2703
1350
1842
2277
1927
8488
3916
1539
9427
4508
1378
5844
2325
3530
1694
7224
4318
9835
3135
5234
3987
9556
5067
8040
6555
3917
3875
2145
3956
9187
1679
3095
1042
2781
6613
2023
1156
8469
4227
5633
4369
2210
4693
7874
2305
1332
8616
3208
1183
7941
887
4483
6863
4321
5831
5262
2930
6923
2266
1504
4409
6811
4411
40
2751
6501
1021
4517
1783
2497
651
3874
3985
6153
2349
4063
4568
6119
5737
5194
6708
3548
4125
708
871
6121
4246
8423
4625
3951
4265
6960
9589
9030
2636
3462
3636
847
4450
5623
8533
7538
1539
4930
257
5321
4012
7054
9669
3285
7816
5864
5947
8726
166
1438
6325
8126
2277
765
3852
3581
221
9037
821
2321
4862
1908
5192
122
1627
5588
2756
342
8616
7538
1930
6184
2712
2607
8959
117
3054
2421
8429
5147
8688
9455
7005
3785
9744
5867
1336
728
6274
7
6973
6780
4475
6776
4074
149
712
2249
4778
9086
1261
299
7548
5585
4033
5983
3113
2701
7053
6289
4991
9391
5730
3519
1552
2888
6368
7742
5717
1012
5257
9860
9910
804
9009
6329
2038
4968
1862
7640
5919
5630
3876
7213
3409
6348
7211
2472
2135
2132
9674
8894
2012
7608
3345
3854
3748
569
9037
5665
165
5076
238
9188
8137
9008
3466
9228
8287
7121
4951
3318
6832
2236
6969
4349
8030
2474
6032
3970
9682
3743
1879
1112
147
9055
3469
5594
6912
5449
3346
1207
6145
5612
5141
1280
9417
8199
3130
8087
468
4742
742
8787
9261
9662
6783
1238
4633
4744
3722
6114
6561
43
9630
6841
2414
3455
8782
8972
9334
2668
6800
2263
8838
6685
380
3485
4221
3593
7209
2424
8199
939
2641
9621
7499
8323
5567
7516
208
3570
7060
7850
3667
6031
5120
8072
330
4381
6143
1787
2783
2643
7924
6019
9001
9615
8456
5543
4172
9680
4957
6486
1152
3184
9526
2618
5691
4050
9157
6393
5133
1448
6135
8575
6217
9914
9919
9156
9635
7128
7402
8032
1813
3083
8755
9325
1591
360
5019
4804
1461
996
1809
1273
3822
6152
5257
7092
2226
2516
9529
9294
973
1701
937
8050
2927
4064
7862
2533
5568
8559
4888
6259
1608
6188
8367
5957
7218
772
9251
6601
1141
2200
8727
9627
3903
1320
1016
3738
9513
9907
5320
9641
1717
1504
2500
6840
2730
6103
6910
8794
6258
5264
2272
145
3479
9196
5282
4762
9244
830
377
2016
6942
6727
7787
114
8484
1420
1701
8017
7771
2172
3402
1911
4580
8628
5199
3934
1399
1651
9736
8999
4874
9812
2978
191
4075
2172
6726
4276
7891
72
820
1949
2064
2595
8207
742
5954
7348
1888
835
2513
147
3439
5806
4284
5139
1983
1963
7087
2650
6423
7836
1073
9208
8682
5163
1053
6170
546
2734
4549
6738
5337
8322
8892
663
5318
7084
9597
9609
9278
135
430
4542
962
1486
1545
3989
41
3309
4272
8835
5179
1906
1241
454
8893
5760
5097
6696
7361
5616
3174
1146
3453
6611
5142
5737
9114
456
8480
8903
1855
101
8767
3180
63
7090
3337
1538
7055
8680
2631
7829
4594
7943
7163
6087
6368
780
796
7983
7211
1920
2405
522
8087
311
3621
5327
1711
5793
5259
3447
2577
8179
9026
2861
1126
4639
9904
3395
9618
3383
7899
3646
1229
6634
7142
9703
8879
4965
2269
4649
521
2886
419
2780
4957
77
9552
5143
8003
8789
1569
8825
2454
2457
4697
8410
5656
3026
1069
6352
8385
6582
2985
6426
2786
6941
6107
2543
4062
7617
6061
8367
7070
7235
6671
2960
6341
6345
1795
5945
7570
6304
7741
9941
2448
5045
3650
3976
7490
5111
3340
5909
8565
307
5800
3119
4505
6871
2578
7144
3412
6261
8785
6735
6616
5894
1540
8503
5534
3702
8232
5374
3129
1091
652
4924
3653
6007
2269
9297
4096
8291
5395
7144
1483
9016
3926
39
6302
368
4997
1404
6889
3345
5160
6326
8752
4608
8807
3500
5744
3391
301
1739
1607
7800
9995
8435
4294
3716
3323
6633
8104
5159
2574
2060
2714
1645
176
8014
1542
375
4392
5612
3027
4824
9455
6542
703
738
8999
3685
6066
6347
8663
2366
6446
4602
1185
7888
4676
845
8090
9335
7815
6816
5848
8707
9163
5605
7130
466
9902
8291
2323
7859
8158
5223
2522
2448
9978
7371
7398
237
939
9518
4294
1533
5396
7482
3268
4501
8497
4710
5922
1448
7028
6730
7465
9168
6632
8726
1568
3137
7740
4652
3490
7660
2104
5738
2783
8923
5140
2436
5369
2429
4060
206
2318
3665
6912
3222
3673
8600
5168
6529
5368
1318
59
8773
3968
942
2099
1998
5619
1495
5795
182
2261
7297
5216
7293
7576
416
6732
698
5170
6295
1172
3632
5649
4899
1982
6159
9447
4729
9516
5615
3627
7114
7635
4310
2027
6933
7700
4393
5825
2449
4802
2489
6908
9151
3085
7718
9495
8101
584
4368
1348
1803
728
8563
5651
9700
4632
8547
3917
611
4572
2511
7965
4994
5918
5093
6822
335
1033
9542
9494
5540
625
3871
8449
1555
7926
8101
4279
4980
7127
8367
6556
9467
7570
5467
4913
5769
5667
8837
111
8704
8865
7124
6581
5722
9365
6460
2011
5841
2948
764
381
3487
7241
5542
207
8053
437
4692
396
6258
5152
219
6494
4152
5177
446
6330
2148
4120
1231
4038
1364
22
2983
6295
7327
7322
4690
6124
4110
502
7140
7431
5850
2556
5149
4115
9476
6311
4611
5800
8237
2521
6532
2578
4175
1826
3893
1563
5220
1007
4987
4802
1909
4307
7025
5485
2568
871
813
452
8831
4459
6164
1517
9418
2455
7608
8603
9611
1239
6320
8610
5738
5170
187
8514
8693
7286
2766
5444
6127
8367
3333
2604
2521
3761
7012
8151
9933
1264
6548
2707
8075
5021
2401
6711
9256
3753
4827
190
2377
7992
2804
2186
5725
9142
656
1110
768
7587
9804
1794
8282
1686
6948
44
6669
3945
1015
245
8825
3973
9885
6720
7589
8387
3814
7222
5530
2268
2137
5185
9439
4638
5708
8958
3047
6535
1542
3023
1706
7924
6618
3208
7471
2860
5619
130
4984
2946
1757
7412
7828
4443
5622
1536
1406
9229
2276
3463
2623
8211
6434
2073
1045
2371
7710
6698
8942
8772
8153
4140
8889
3047
6735
7664
9497
1671
8767
466
4264
8148
2743
4400
5646
9839
4591
6515
1737
7304
8709
4320
832
514
5515
1444
3297
5284
9981
7386
6187
3758
9141
8758
3999
1727
7097
7501
4211
7708
8526
414
1647
7612
7116
2718
7563
5539
1723
6629
1236
1664
7671
233
613
2122
4556
5555
2895
37
3082
9930
1866
2812
9314
4466
8055
1504
1331
5896
31
49
3879
7153
3593
4420
6441
586
2762
3785
2134
5919
3849
8904
2072
3997
7405
4516
9206
6960
4351
4385
8547
5972
5367
3969
4428
7090
3688
775
2080
1463
8928
2974
7341
7695
5514
5273
1563
9310
7300
6497
4255
2706
4007
7385
7547
5308
3991
5440
4702
7811
1056
7221
8727
9128
9898
4271
9668
3482
4718
6183
8857
5509
3560
7311
2240
5440
4780
4379
2961
998
9184
9047
4400
5916
8517
382
5894
2554
6058
5295
7950
4683
513
2342
5528
5584
8011
3426
2
8331
5622
5932
4346
7335
2798
2341
8892
1943
4211
5177
1191
5355
1957
787
8664
6826
4100
2213
650
7486
9767
7547
8234
1622
9880
2445
4055
5568
6179
5595
4303
3533
8426
5961
3512
2246
1047
1077
9317
476
2615
6527
2872
6198
9969
3302
1953
9547
7263
8858
6584
169
7462
6243
9919
210
9232
7894
6682
8055
5279
9921
5244
3549
7685
9020
3327
1702
1306
5593
9815
1777
971
5730
221
8147
7328
6497
8385
6471
7530
3974
4888
4821
6010
4787
5607
3392
1098
5144
510
6746
1555
8196
5056
4870
2449
5199
160
8108
106
7180
3940
437
7300
7045
8390
7144
2145
2330
2550
7640
7753
9555
2215
1940
9187
8163
2410
8981
3485
1676
8375
7914
1625
9178
6604
2822
2428
2347
4895
8513
4718
8994
7291
8999
8844
2368
9067
5752
4014
7111
8586
5503
1475
3324
5296
195
1391
44
3842
2238
2081
5763
936
6149
8983
631
1501
7158
2850
1063
7710
7880
5839
9498
8990
807
9697
5570
6729
9309
7941
9756
260
9320
784
7852
3506
8142
4992
7605
4896
8396
3107
839
9810
5477
8099
295
2674
2816
4418
6350
4224
679
6188
8448
3622
1670
4480
6149
8218
6853
9020
9732
1318
6972
2264
2673
4136
8705
9188
4298
9131
2655
7007
2539
8786
1614
1889
7433
7751
68
2624
1911
9340
1215
9188
1171
2985
483
3529
7068
5984
9367
8879
7890
3713
4220
5266
9499
5465
2382
7704
582
6485
5335
5504
8621
1893
988
9591
2277
552
313
8366
6049
9729
4196
2152
51
4939
6865
3223
250
3705
3971
6251
4600
7221
6947
4891
5291
9325
2437
5627
8753
4569
3496
8913
5700
6194
5563
9240
4008
8755
1535
504
7182
7446
7252
1490
8505
2310
8298
485
8170
8501
7323
5723
2074
6149
5218
9008
8019
7302
5153
2681
2111
9901
499
1189
5872
3874
8080
809
7211
2421
7431
4123
4835
4178
9161
7555
822
875
3821
7227
7185
4434
9910
6644
3033
4353
5178
6882
2591
2102
5275
1056
8529
9230
9245
5723
6086
6116
45
5411
1184
5409
87
9057
8998
2821
4597
6928
2063
6103
7341
3957
4362
2992
9596
9389
5222
6632
6042
36
253
2278
9007
5873
3683
107
5593
152
289
9593
4684
1447
6221
734
8515
6096
1278
2351
38
3327
6272
933
4440
5143
7732
9573
4502
7585
7429
6255
1404
5128
4194
2781
8969
4108
2025
302
4172
2881
2508
8155
6245
8625
5476
9840
7283
6069
3572
4930
2511
4499
1646
6865
2706
8681
7871
3569
7333
7953
3897
8791
575
9699
6965
6644
9774
2861
7407
6012
5645
5334
209
9204
3841
233
1820
9582
9996
5854
722
6081
902
7242
5319
8035
1150
5280
1034
8981
4977
4624
9366
5231
742
5879
2163
5961
8194
5713
7387
8856
4115
7074
8943
8273
3598
1542
3253
3083
8090
9900
5577
5273
6431
2318
1679
6595
8509
1471
9785
2525
1609
1151
9585
8924
3966
3119
9224
160
9036
2995
3590
955
2523
2362
2485
9152
7665
5016
4278
370
1304
6726
7736
228
6884
682
5296
8592
5851
8301
8646
8948
2025
6024
8593
2554
8038
535
2047
1556
9477
4523
1361
9708
8445
5032
1927
5029
5702
7043
2116
9185
3892
9214
2265
6797
6432
5305
7539
5424
5811
340
1953
3827
5481
8212
8238
6694
1661
3916
7934
6387
5266
4012
8494
6231
9334
9940
7640
3971
9884
1137
2673
5171
7139
357
2905
9980
3672
5400
687
7970
1351
3273
6142
5734
8948
4038
4961
3355
2258
4244
7724
8966
7372
1840
6012
4909
4853
2900
2938
9459
5169
7770
4736
6894
6594
5348
9099
9358
6879
2503
725
7631
1688
9814
6108
2373
1549
4491
8586
9983
4
716
6262
8098
5876
7297
4943
4915
2967
9471
7641
8440
1597
565
9055
485
3163
8995
7710
4243
8948
930
910
6998
3113
8507
1752
7821
4283
6187
6883
2908
2269
4668
1100
8279
8254
7716
2394
5607
657
4100
3056
999
8748
7430
8393
1619
4334
1285
9681
5551
295
335
2391
8532
7527
6074
9370
7300
6381
5907
301
1386
2739
5803
3965
83
3058
8194
5405
8638
4683
3975
8261
1055
9350
3128
8308
8948
6410
4582
1750
1850
633
4169
4420
526
7952
9878
6380
6749
7587
4769
5749
6453
7303
2262
6560
6341
8487
3677
1926
5903
2451
2969
5
6410
3357
2504
8003
6520
911
38
8693
5136
3592
6786
4267
7208
9961
6319
1570
6223
2512
633
8058
8577
5998
6955
3671
2771
648
692
8850
3828
2177
7583
3099
9326
877
1885
8431
1440
3718
8565
6847
1444
2819
7767
4240
820
8496
5020
494
8565
8966
1577
855
4931
6084
2585
5089
3391
2559
8183
3685
5423
9828
155
245
9123
8702
428
3524
6344
5545
3268
3471
751
6496
8653
9929
6038
4647
7734
2137
4971
5062
7350
1773
5832
599
6612
384
3041
1933
1243
5078
9590
8434
200
3816
7116
4324
6755
7668
650
2250
4025
6586
8047
7853
3826
5578
8790
5195
7175
6872
5645
1269
5612
7725
7908
4142
758
8561
7831
8436
1034
153
1315
1108
3620
4870
9582
7661
3501
2508
4941
4273
9022
1118
5745
4378
8593
1503
5179
4348
2348
2764
6907
9447
9837
990
9155
1146
5676
7937
8509
5472
3242
7282
7461
2776
331
6039
980
4800
6
5773
3843
8631
6176
8544
1233
2504
7122
6177
7433
7084
7916
4620
1665
5040
6316
6361
481
9076
3544
7178
9170
6483
5491
942
4947
257
351
6287
8473
4483
5698
2478
1574
153
2779
8924
5064
7200
4066
1434
8792
5474
8509
578
5061
6721
3563
6360
7352
9670
5848
5044
6042
3547
6769
3611
8088
4174
1730
3256
8207
4093
7121
9144
1969
5364
9433
8943
7860
6384
7352
9556
4010
7363
1318
3246
9707
5510
9156
3679
6589
420
5931
8663
2913
6785
9988
4685
4827
8190
9965
9681
3279
281
5600
3611
6985
8702
8722
6102
6946
7639
7680
5443
292
4873
8596
7680
860
713
7174
5194
656
1782
972
251
543
2833
6244
4530
282
8382
2163
2615
3168
2672
6822
5796
7242
5633
3774
2976
2918
7751
7664
7744
841
4128
8774
8346
2186
1418
2517
4835
7041
2086
8724
1424
1640
5888
4076
5887
5029
5752
8470
5634
1915
8046
2548
7493
6418
8948
5295
8579
8986
1812
9050
7205
3669
6976
2203
1878
3046
1173
6885
8335
7629
9122
8553
286
5603
1669
6321
1276
5335
33
7012
8415
2144
7624
1228
1531
7671
8032
6375
4646
961
7237
382
8389
4428
1776
5372
2548
702
4671
1186
9237
4475
155
635
6167
7086
6324
327
7653
3789
2930
2650
3822
1211
7099
8039
8068
758
4229
5621
9292
2619
7090
656
4869
1237
894
8998
9338
6029
3232
2438
5
4425
6969
8981
7918
7927
964
4912
6452
7807
5872
4532
491
3080
504
7730
1403
1531
4716
4789
4273
4309
2905
7662
4957
1182
6969
1863
8057
1750
7292
9540
7140
9526
1441
8187
9514
2956
2126
505
2385
3881
1421
2884
8039
6467
8569
2077
541
5519
9073
1560
180
7964
1086
1506
8486
3673
7497
1846
1883
8453
701
3696
6743
9309
1693
1547
9097
1944
5498
2879
3437
2060
3007
1381
5213
3146
585
9229
4226
3265
621
1047
9706
3130
4991
8046
6569
983
8471
9563
6448
6868
6317
8464
7071
3956
3961
4984
533
2051
1475
4935
8120
3963
1832
5647
3408
8528
1606
5824
8367
9488
652
7977
26
3019
1077
1948
5543
9766
3512
2390
9590
8449
9057
8020
8286
2481
5433
3010
7627
1890
1339
3342
6652
5742
5764
5310
7765
6911
8240
7249
7639
9756
4246
743
2819
8739
1331
3930
3490
3745
8556
6770
655
2437
5995
9376
7411
8702
8646
3200
1683
1751
9015
7429
266
5442
3299
1264
177
309
1376
6630
7352
976
4706
4771
7416
3525
8881
4538
2013
7869
4883
656
3800
1335
5964
3026
9609
3929
4865
9785
8958
1433
3916
1530
3092
9544
8314
9249
5334
1199
8444
7185
9925
8874
1533
2005
9516
9380
263
5542
7171
4088
3330
9098
2335
3840
7479
7733
8007
4513
6488
2301
3885
3260
8489
1558
4071
7763
2425
5756
9358
7528
3181
1540
946
6569
5586
5009
6009
1363
2981
5442
5600
7686
586
2729
6225
1022
9480
1685
8409
8938
1361
4352
2783
2250
9466
7216
6456
8101
9321
2751
7005
6119
6319
6261
5539
5877
9006
4648
7505
2095
667
7205
7652
4519
8892
1452
418
7291
8204
4050
1006
2679
4909
2072
8254
9474
267
7327
6384
970
2213
2375
349
5816
7472
215
4853
2989
9980
6705
6718
3430
2087
1395
8860
9277
1356
2441
5996
1907
4650
3362
5893
8544
9327
12
5311
4672
7531
6695
9657
7961
9488
9342
9793
3368
2522
6752
2375
2214
6161
8583
2870
4145
5544
3264
1869
8200
6196
4746
7191
6921
4035
291
147
1773
7685
5851
5767
2074
5324
7997
7661
1396
5880
6708
4852
1474
4744
6967
8198
1955
5405
5355
5199
4714
4930
8358
1662
2059
6653
239
3367
2453
5150
2866
8535
3160
1379
4492
9254
6050
5613
8468
5269
4867
891
577
5417
7405
5547
3704
2490
6231
3160
5196
3826
3133
4886
2510
4572
1242
1370
9361
4053
8654
3315
4635
7920
3765
9093
5015
9964
7769
1278
7654
1898
7817
2921
1894
637
2781
8960
4856
5536
9081
6623
3828
6134
6454
6004
2628
8844
5866
1919
932
4075
6132
9194
3952
4166
1494
6540
4108
6293
5169
6461
4301
9332
9338
9015
6622
6839
6575
109
6025
1876
9311
8675
4227
8571
2659
7068
2057
5677
7826
4128
8354
7737
463
4219
3539
6010
5996
9677
1591
2063
1975
882
2559
9176
4930
1359
6722
3950
7496
9930
2995
882
9036
1523
3334
221
2970
8727
8195
4513
1189
7082
6855
650
5516
657
4174
8347
3184
169
2245
5239
9185
3722
7773
489
4423
386
4824
8405
1802
163
8985
5732
1558
8743
783
6198
8957
5289
1171
5895
4103
3901
7118
4306
7536
4159
5731
4815
688
3185
2376
8333
4491
35
4906
7131
6885
2436
2267
2428
6737
9252
5988
9058
8350
6768
1732
6371
1971
8901
498
4834
2871
6220
846
8840
6567
6493
2133
9084
6104
92
6161
8120
2534
597
4261
9542
1913
9271
9950
6178
6983
5490
4601
662
2015
5173
1342
9685
829
7172
9625
9233
302
964
5263
4456
4617
6040
3561
3729
9147
7860
4750
8781
9485
6782
7279
9268
6547
5433
940
8847
5294
3807
1152
3313
1550
564
5478
7834
1532
2687
353
4056
5554
281
9334
8987
7941
8422
6202
2582
4533
233
2804
7627
7839
5805
9224
2317
8758
7425
7657
1032
4732
8679
4302
9976
6757
4451
945
3742
2297
8216
8577
7878
5562
8621
8623
9890
8289
6486
8021
6133
3286
4717
6948
8556
6469
7506
5741
1406
4160
4435
4877
2153
3693
6369
505
2204
5204
4528
3089
6941
1980
4994
2010
1553
4301
1832
1530
3331
8236
1171
3639
2856
3103
4225
3664
1821
2905
4708
1711
5211
1903
1689
2275
7816
5998
4698
9482
568
6959
6887
7469
7672
8061
2576
3424
4322
5913
2047
1898
3830
1648
9962
5893
6799
4607
1527
6173
1155
2530
7455
8957
7802
7052
9407
7924
9328
4281
5461
993
335
2452
34
5752
2953
1856
1575
3477
3178
9587
1766
1232
2118
9370
5980
9848
844
7859
3768
5388
9393
778
7951
4628
8288
9170
7765
7251
8704
8806
829
2499
5133
3040
2980
768
8542
7612
8931
3981
5906
4722
1056
396
3990
1781
6990
4005
8379
9753
4378
748
6355
5103
1254
1813
8840
6673
7764
4922
4715
2708
7984
9829
3486
3761
525
1787
3233
8107
3860
9979
3135
3267
2904
936
7157
7936
1456
9886
6067
9687
2945
7088
3156
7402
8292
9515
4047
4858
1465
6201
4868
3085
7991
1813
9222
4864
3696
2083
1256
5852
4836
5616
8888
9644
6785
8191
5637
9294
7620
4708
650
6325
2118
2208
7172
4641
4637
1866
4580
5866
2914
7870
2223
8423
9873
1608
5168
4678
4303
9779
9637
8411
3476
7063
1257
4613
664
9590
6716
1782
445
5307
3322
9829
101
248
7076
148
6788
7646
9482
1296
3242
3986
9307
5648
2088
6284
2763
3823
2653
6390
2937
5845
811
8851
1711
3512
3877
9611
6388
4216
6724
109
1938
9335
4609
1826
9969
9403
1334
7025
6990
3349
963
6965
7868
8102
6081
9264
3281
6415
7140
3615
5281
8313
6894
5619
5516
8943
201
394
8294
3914
2311
2171
1947
6545
8909
7451
8582
8480
1243
3578
6229
6246
7724
3068
6582
6470
259
968
9680
3062
9713
7548
5332
148
8156
8739
2022
844
4244
4639
7470
1378
8357
7714
4467
1059
6870
1559
6347
7522
1092
1045
8967
175
219
445
5616
5743
5341
2236
5019
7551
4082
2678
106
8399
6105
5514
2418
1405
9629
8416
7829
9842
8733
7977
7411
9504
5969
8576
3191
6836
5436
2053
6964
2270
3742
7183
3592
5896
7591
3738
2765
890
7756
9324
5292
8374
33
4499
1280
8497
6801
9323
4623
4563
4735
8133
4825
1809
1486
3388
8695
4845
1355
2097
7403
8039
1851
410
5373
2395
4165
9694
4808
6233
5502
265
8437
4750
410
7665
4768
9816
9141
7743
9212
2952
4358
2335
9843
6457
1614
8913
1483
7522
5064
824
9474
139
2404
9981
1190
255
9514
1163
9918
5624
8572
4078
9657
1914
868
3910
430
5220
9047
9651
3670
8238
2487
5246
9264
2624
6162
8701
1509
3652
3252
72
8180
1885
7046
226
2427
552
4840
3772
5446
47
3643
1152
4273
2435
9272
5784
3632
8976
1941
136
4026
6290
9236
5821
462
6707
7683
3433
7792
1293
2516
1595
3432
2615
8379
3654
1367
6743
8154
1329
3357
206
1922
175
4551
5661
5831
8479
1914
247
9951
8166
4509
6521
4059
1030
5802
2722
2839
7398
154
1881
1223
6438
1836
1793
8650
5099
2948
2867
5631
3088
4100
4303
4827
7844
921
4063
6234
9559
7847
3303
2325
7086
8257
1687
3047
7173
2199
492
611
7342
3185
3831
52
138
768
470
7997
8634
1841
1741
4033
9701
4467
8673
5544
2724
9004
1103
8589
8972
6764
1811
8020
106
7430
9498
1661
2689
3209
8795
1252
9944
6616
8888
7249
4568
8175
24
4119
968
5748
6081
3272
8650
3746
6468
2389
797
7284
9786
0
1465
8258
1396
3048
9592
2914
3323
8870
5935
6791
9760
9352
1824
3959
9739
7460
8077
3378
9480
5721
1713
9483
6508
3577
7508
18
641
8459
7422
3128
894
6782
4534
5282
370
9055
6679
2710
9382
9245
5495
3627
5753
727
8757
4416
11
7242
6639
8913
1379
1985
7404
981
3228
5435
2056
4894
7332
2090
9347
1199
2281
9423
777
9018
3189
7911
6362
4822
6580
1017
5950
3504
9314
4438
6621
4596
4869
8456
9219
2767
8849
4871
6541
2440
8702
3784
7259
3739
2299
4962
4962
8516
8871
9920
4734
2922
7500
1736
3432
3657
9687
6190
761
1811
3471
1986
200
7204
7295
2563
4853
5156
8748
3037
2868
1134
4223
2182
5020
6797
1225
9799
9641
5582
7278
4068
9539
1443
1026
8300
4376
3843
2438
2593
1290
747
5175
8687
4349
3158
2632
3270
5239
5996
9679
7685
2055
6129
5860
3498
9698
8368
932
1527
2525
5185
7315
9300
1491
4879
8891
1043
3422
5103
1948
7093
5016
833
2948
6113
6985
715
64
9679
9610
9707
9734
307
5901
3010
4913
9559
8736
7217
2091
95
7052
7303
8810
7435
6931
6511
4042
6338
1825
5955
6335
2809
9983
8953
595
5657
410
4878
8953
727
9394
6799
9904
1565
753
807
5069
6025
3492
6634
7769
1524
2961
1122
6878
6310
76
429
5029
3170
2545
7254
8800
577
6378
7104
6647
2451
5040
8747
5575
9964
6351
2056
8501
9421
2475
9991
3992
3450
6750
6055
5239
8166
3170
704
1279
5410
4883
991
2151
1952
3267
5213
6588
7936
6784
587
4967
5549
3436
9084
8730
898
1859
3960
3943
7494
6710
9583
6513
3861
3562
1486
5984
8534
5312
6876
5065
4272
5495
4602
7822
6094
3084
4711
9373
6481
2650
2533
9132
5048
5642
2382
3283
6777
6084
837
3250
4071
2674
8597
295
3828
8720
5225
3063
7256
8273
3851
662
8304
3413
9308
6477
1905
3583
2220
2172
8312
6956
1163
7035
8654
3546
301
6010
9620
6112
1706
6572
2067
7283
4213
1421
8490
14
2778
2610
7519
420
3440
1008
8067
8702
9932
2003
680
230
6943
327
9509
1786
994
6693
1360
916
6070
1962
1721
3441
7961
6203
9996
4101
8288
306
173
2656
3406
8567
3499
5884
7499
1409
2456
5895
8078
7999
659
4958
1770
3609
2800
5678
9961
5336
7544
9646
250
6698
5782
1125
751
7884
2781
1237
693
4094
4893
498
6387
8536
9522
1523
244
8952
1476
728
8066
9631
8336
6288
4841
9138
7075
5152
6383
2467
2556
6298
3287
6182
1487
5266
7619
5903
2317
997
1660
8653
3832
5735
8397
5994
675
3306
3790
6366
4154
5389
9644
1323
28
5525
2756
2315
3292
4700
9030
5180
3762
1450
5064
4136
910
6747
4947
6634
9977
6609
4316
4316
4642
7576
7899
1839
7267
2350
3832
8569
4729
2621
9818
3139
4815
6889
9408
6829
103
338
5230
551
653
7637
8493
4596
4198
1274
3653
5168
5781
6114
8123
1687
6111
8594
668
7266
6043
2620
9149
6996
528
1833
2960
409
4312
9755
5231
8496
6671
1649
2286
889
3003
2971
1713
642
4797
1678
6981
1870
6400
7631
8455
2325
2091
8493
2447
6643
5576
9296
638
3250
169
6886
9643
3154
9384
5139
9118
448
2995
2453
7564
1908
5724
2718
5523
4315
6150
6807
4689
9869
7979
2630
4281
8509
3229
8558
5137
4263
3275
83
8875
598
4969
1345
4992
8699
2633
2926
3652
6857
3746
7169
1956
1575
1761
7465
358
4977
7531
5812
7128
1485
7037
6614
2959
7746
5741
6922
7590
4158
2303
2508
9924
4199
7478
5380
620
1671
9630
3045
7413
8756
9302
2622
2297
6977
34
3192
2073
3094
3493
7300
801
3193
3365
1040
5598
4891
5275
2920
7363
10
8310
7377
116
9430
2374
9916
5526
5777
5396
5718
9989
188
4069
7777
4135
6178
8831
3440
4410
3080
6361
4508
2496
7964
679
3888
5196
393
9331
7128
7287
1482
7533
2967
2987
3058
3468
5788
1941
5761
3532
7476
2153
8334
1659
8605
1534
841
6789
4239
7862
2286
5405
7010
47
6426
3432
7432
3927
96
4715
2043
993
7469
8568
655
8135
3464
4667
5896
3134
8878
7595
4093
3330
5288
1207
8068
7035
976
366
4355
4745
9104
677
9015
8131
993
6470
5925
2684
9062
7134
4254
6185
2480
6990
4302
822
6841
5959
8905
8351
4397
3985
1698
1602
4944
4103
2577
7264
9049
5986
3121
1502
9861
8445
533
2638
7764
6242
2806
1031
718
965
3566
1974
7123
8374
2572
9183
997
625
7155
604
324
9729
9949
7487
3657
8676
1133
165
9725
6833
2638
4184
4690
4518
5640
3161
7250
3551
6692
8873
2438
4852
4154
6496
1723
8081
5520
5523
5193
5376
9972
7796
879
7178
1754
8523
722
5968
7228
2189
1205
3939
340
8011
1360
4013
7728
928
8068
5915
6660
7781
3930
1863
8743
3873
7089
2622
1633
2925
8615
8890
5881
4680
4357
5903
33
100
4248
7785
9243
5996
6313
3161
8804
6650
4459
3078
4371
5453
6952
2184
5596
8497
4800
5671
328
5492
4005
2279
4965
9652
2737
4923
2070
3907
8299
782
8493
5267
6229
6816
1074
5976
9745
6931
8318
7140
3527
2199
9866
453
2577
8286
2421
1686
6517
4062
9081
8991
9340
2654
1520
2718
2709
5181
1102
4294
6952
9644
8724
7767
8216
8498
9770
4260
5439
8766
7780
4146
3867
66
4131
2102
9345
3309
7127
1251
1739
8828
2816
1131
2690
4471
8729
4161
6238
5075
5995
7673
9413
6492
6352
5745
5941
3829
9386
1282
8153
6245
2884
7849
2325
7626
5347
4571
6123
7999
492
1989
7893
8238
7736
5743
2509
8719
8232
7902
2870
8394
6393
1514
2791
8029
7799
6356
6703
7878
8304
1438
6446
9959
6420
9704
8031
4086
2930
2506
1792
5563
4219
6960
9613
3692
1130
7405
1059
5755
3940
8886
5545
630
1526
8784
4753
2913
3133
351
2252
9729
6095
3020
9592
6881
3665
3115
9965
2113
8952
8825
6351
4451
4814
5391
3422
2900
2191
2739
1433
3183
7026
8557
5175
9902
4771
6474
5749
4579
4932
6856
5821
3954
7379
5875
1940
4903
2991
9314
7688
7436
9378
2480
2973
5981
9702
5902
4543
5193
4517
1768
3392
9338
5472
6760
3573
8970
4821
5112
4372
6357
3299
5823
2479
402
8116
9282
2047
3663
3685
5106
6383
3883
7777
776
9703
402
99
6189
1752
2946
1618
8447
8672
2029
5872
7093
5344
6651
8794
4070
9317
4037
1495
7251
5496
760
6012
8038
7750
9293
4088
5940
9901
4421
2476
6894
41
2440
5876
7666
4742
2654
7312
6439
6706
9264
2907
7222
6140
177
2830
5213
769
2101
3331
7972
1557
6361
8285
7902
4390
9567
5927
3514
499
3096
5101
844
8575
5643
7060
1890
1209
4622
3283
604
1616
663
3177
892
4767
7096
616
3171
2122
2754
5203
4615
6114
8112
3609
1091
6938
1811
9910
8774
2006
619
1844
9755
6060
8527
8326
880
9613
2434
2004
3836
3842
6438
1246
3472
2448
627
6985
8541
5634
4881
4362
8143
5007
887
3460
5112
1715
3671
2580
4607
4042
2617
5231
9670
93
9492
1106
2630
5765
6092
9403
3097
9317
2727
9382
1513
9444
1382
6437
7511
3892
4222
4293
816
6205
8724
2260
3340
7094
5852
4653
5352
3101
4837
5419
6877
4574
5823
8900
4152
7977
1722
6641
2501
5524
3443
8106
1205
8999
7790
125
1331
8350
9098
5852
7647
7274
5948
2844
1271
6832
137
2489
9863
588
742
8399
4117
4885
1754
3476
3600
4277
7301
9828
4131
1230
7759
8254
7236
8862
1836
2024
706
6043
1442
8540
5924
595
4743
5474
8791
8797
3324
8630
1819
9964
3416
7293
2619
3726
4274
3114
4577
9741
8574
6402
3154
3348
3421
1536
88
7431
4921
2601
7070
4238
5152
8799
8027
344
1235
7038
1086
1574
8285
419
1895
7540
1607
9724
7804
9428
8214
9492
4121
6822
4815
5834
8237
9021
5806
959
9345
6372
5204
3320
7918
1198
2079
5180
210
5860
2998
9914
6474
690
8985
6739
9527
3603
3565
4159
2629
1533
4011
5674
653
1875
471
213
3917
718
2506
1157
6862
9331
3115
4755
8320
8007
5719
1563
4868
1851
8176
4481
253
8520
2051
2150
891
7866
7935
7609
7922
5983
3746
8874
5674
6524
6950
4295
9322
9027
7000
3497
6146
8333
2618
5462
543
2398
4802
9507
6122
2071
1532
272
7927
6116
2348
8555
4108
3997
4499
2702
6661
7766
3787
2537
3085
3041
5223
6913
8278
5367
6033
6667
2082
5205
1894
9142
7727
6173
7478
1793
5518
3709
9297
9991
1885
6514
4646
691
7665
7335
4694
9303
8750
6576
2492
5763
7512
1501
6180
3543
2802
5417
3164
8663
3643
4101
2914
8604
9783
7036
6436
725
4242
4158
7565
4609
4859
3916
4050
2075
9496
5791
6246
9618
3766
1695
9247
1812
6408
5431
3987
3519
5108
5511
5974
3665
3493
2351
3326
9248
6931
3048
8852
8098
95
904
758
9043
3470
3648
7519
8098
9617
6124
4176
583
4635
4773
4797
1140
6012
5410
7292
8554
6353
8698
2158
1160
4265
4277
2880
3785
6649
6721
8281
7986
5973
3335
8213
7293
802
2888
7784
8795
2702
3042
429
8175
4054
6186
7248
4167
8879
2067
4250
8708
8364
598
7407
2098
3811
4530
9410
2791
8729
8416
6484
7090
1895
7554
8518
9326
2630
4276
3218
7897
7938
4496
1530
2584
4625
5366
5127
4149
9200
8907
4886
1482
3570
9715
1475
3592
4718
2572
5291
4125
5023
5259
9210
8453
125
5607
9784
748
6665
2413
3054
5634
4500
6500
6860
232
8099
9138
3301
8411
165
7090
6500
1908
3996
6552
9421
8757
7283
2794
2506
9987
9179
9242
3513
7567
1123
8215
3737
5372
5154
5995
3377
9397
1415
6870
1877
256
6394
5941
747
7847
2480
4043
5407
7463
5918
3795
6833
8441
3682
4999
5860
4975
6683
954
8277
8984
8307
9430
360
4247
5405
6969
208
3293
5989
5871
4522
1106
5078
606
8862
2984
219
1551
9056
6298
6110
259
5245
8531
9153
6185
5808
2344
8883
3280
4289
9250
6601
278
3261
657
4011
9261
7319
4095
1017
5406
6257
7785
2504
838
9947
2927
6718
6343
7930
4
1604
8697
144
8350
4198
3143
3918
3018
8800
7343
3377
1341
5485
4809
1884
4754
7846
8764
6190
1801
6649
3118
6236
533
9160
9320
7130
8665
200
4644
1070
5871
7996
7796
9934
2504
1245
7731
4590
2592
7947
8380
7793
910
3586
2017
7840
6444
2452
3816
9183
3462
8102
5148
6558
6545
4961
8815
5826
805
1184
746
6065
2892
4382
6032
2149
802
5747
2956
6328
7644
955
7092
4261
4612
9852
0
2528
8825
5912
2864
6786
6435
685
477
6056
1142
7259
2822
1289
654
407
1809
4160
508
5361
877
7248
5461
1746
6794
7346
4096
5775
7272
2047
1376
7205
6010
6358
6687
5900
9491
877
8453
6844
1380
5553
8384
1434
7542
255
3455
1497
1000
7080
2066
9191
4650
1188
4337
9324
4998
6093
7509
4048
6894
4261
1945
7935
4328
8590
881
9020
4749
8107
6150
9158
7474
1136
4131
3013
7666
51
9622
8247
2330
4656
1573
3672
5002
8812
1454
8818
2024
8627
6340
6620
3147
7511
4738
9182
2570
8504
2117
8970
745
1857
112
2992
6741
1661
6728
4933
378
4403
3785
8881
9180
6367
6343
6086
6656
3771
6381
8591
8547
7003
2658
2366
419
6043
9287
7864
4358
5419
5629
1864
4466
7237
1325
947
6474
2604
3808
4996
7251
5169
877
2773
6128
4469
8203
4462
5899
793
5659
230
5803
1169
4738
8152
6445
6408
9965
3587
6957
6756
2903
5584
6416
4722
882
7783
4543
4286
3238
6384
5298
2300
8783
161
4767
8240
7002
7594
8808
3094
4956
5411
5697
7675
9881
1224
8636
6090
1323
7386
8912
6854
5901
3631
1360
3113
3176
4984
7070
6050
6339
7084
2671
8981
3521
2191
7499
3961
4640
7963
9637
6348
3160
7856
1082
5572
2304
5767
3870
2273
3175
5338
7528
9842
4125
6657
7541
6943
9656
4399
5456
6967
2408
1503
5305
3616
6469
4651
9839
9084
4324
6486
4632
2884
5250
5627
2362
6744
9140
1402
5815
6954
6681
784
4122
3526
4996
3599
8077
4087
2169
2879
5019
197
6989
1452
3319
5647
1892
8871
2057
1583
4445
1452
2380
2012
8151
6085
292
2644
6228
2256
2114
4930
9202
9847
7746
7867
4950
8435
9638
4693
4615
8363
5642
8877
7155
6464
3299
5687
5139
1069
5479
5085
1841
7702
6091
3332
6850
317
2355
6469
3303
1604
374
6276
9309
4734
9735
466
648
2996
7620
8513
9745
183
5070
9272
7868
1743
270
3931
11
1078
8120
2501
7085
1828
3878
9538
5919
1177
8314
7700
3991
9921
2626
6064
8239
7416
5251
862
6871
6519
1749
4320
2122
9386
6559
4597
7399
8351
6304
3163
4270
2537
3733
3478
2805
2404
5924
1456
4774
3325
3667
3217
8522
8044
6575
7749
6079
1783
9834
9943
2544
3242
9335
6561
4705
6771
4476
9831
6040
1519
5446
6292
5474
9847
1333
4709
1293
7703
6532
4127
2594
4112
8600
21
9814
5410
4993
4336
1925
2322
9986
2458
9086
9378
641
1199
7007
2552
7578
2138
8672
8311
770
3935
2930
5757
7398
357
5065
4440
6178
4689
941
4520
1648
278
6761
1418
8548
4175
5717
6884
2740
7683
8460
2399
3052
119
5509
7566
6661
2865
277
8750
3597
9671
1632
7147
7877
1340
5047
5794
4686
9240
39
9399
9263
8797
8379
7745
4090
63
7451
2449
2669
6944
2433
2671
3499
2132
2338
6111
2169
2694
9377
4635
8425
7691
1036
9310
5667
1551
1937
3177
6768
2103
6489
6074
3351
928
7937
7500
9218
8639
5095
674
7351
5318
4130
5461
456
4357
8378
4715
5719
190
4849
6254
5463
1058
7826
4478
5261
1333
9575
4396
6017
5162
620
3527
7225
7187
1132
1812
8231
6127
8374
9872
1598
520
8349
9189
9786
1184
2552
7184
3753
3281
4750
9752
7531
4071
8685
4391
4429
6631
7850
4547
9466
4331
2871
8671
4129
6276
162
2144
1384
8139
5417
4917
1123
4428
4411
5832
1767
2775
2542
2683
4079
7360
4274
8134
7946
4167
3450
1802
4349
5696
8883
1274
8139
6687
5229
376
7684
5620
7607
6480
4997
6629
7139
1611
4949
8408
9090
9592
6541
4101
5899
7935
7585
24
7164
6909
8476
7466
1176
458
9843
8788
3031
6162
9409
7819
1645
3853
9637
8859
8346
9164
3256
4164
64
5374
1436
3545
3063
3582